1,0.070923700928688,29.9656391143799
3,0.0532144010066986,272.400390625
5,0.0288738608360291,166.692993164062
7,0.0150640802457929,95.9881362915039
9,0.0144356396049261,23.9183807373047
11,0.0113460002467036,297.022491455078
13,0.00857009366154671,226.21159362793
15,0.00836322829127312,149.839004516602
17,0.00693047419190407,67.8650817871094
19,0.0059276819229126,356.397705078125
21,0.00576752377673984,278.353485107422
23,0.00491980789229274,199.151596069336
25,0.00448423810303211,126.533599853516
27,0.00430328212678432,47.8644599914551
29,0.00376101396977901,330.751312255859
31,0.00356860389001667,256.888397216797
33,0.00337823806330562,177.943206787109
35,0.00300982804037631,102.103996276855
37,0.00290682609193027,27.3156204223633
39,0.0027325979899615,308.819000244141
41,0.0024959840811789,233.475799560547
43,0.00241353595629334,157.552993774414
45,0.00224401010200381,80.0433578491211
47,0.00211061793379486,5.37231397628784
49,0.00205947994254529,288.193206787109
